# INTDER ##########################
    3    3    3    0    0    3    0    0    0    1    0    0    0    1    1    0
STRE     1    2
STRE     2    3
BEND     1    2    3
    1   1   1.000000000
    2   2   1.000000000 
    3   3   1.000000000
    0
      0.000000000       1.387399772      -2.754503578
      0.000000000      -0.180837847      -1.404994199
      0.000000000       0.040720668       1.034390083
DISP 1
    1        0.0007526380
    2        0.0010835590
    3       -0.0007459497
    0
