          35
    0    0    0    0      0.000000000021
    1    0    0    0     -0.003605305109
    2    0    0    0     -0.008016516318
    3    0    0    0      0.000068605911
    1    1    0    0      4.944733594130
    2    1    0    0      0.031206362748
    2    2    0    0      7.567845712367
    3    1    0    0      0.188699328389
    3    2    0    0      0.237638216006
    3    3    0    0      0.627632841029
    1    1    1    0    -31.906814649781
    2    1    1    0      0.345507418287
    2    2    1    0     -1.409665588176
    2    2    2    0    -50.051212728954
    3    1    1    0      0.118274400994
    3    2    1    0     -0.385955857335
    3    2    2    0     -0.393138517415
    3    3    1    0     -0.259742825181
    3    3    2    0     -0.709147497888
    3    3    3    0     -0.526436029438
    1    1    1    1    153.148867672375
    2    1    1    1      0.247614967977
    2    2    1    1     -2.002333990345
    2    2    2    1      6.102156312332
    2    2    2    2    282.848904436644
    3    1    1    1     -0.949624024983
    3    2    1    1     -0.043110587502
    3    2    2    1      0.853756393049
    3    2    2    2     -1.256688281042
    3    3    1    1     -0.399822150828
    3    3    2    1      0.580405343608
    3    3    2    2      1.478339201079
    3    3    3    1      1.214128544619
    3    3    3    2      1.340659229550
    3    3    3    3     -0.737813371902
