# INTDER ##########################
    3    3    3    0    0    3    0    0    0    1    0    0    0    1    1    0
STRE     1    2
STRE     2    3
BEND     1    2    3
    1   1   1.000000000
    2   2   1.000000000 
    3   3   1.000000000
    0
      0.000000000       1.828467864      -2.072982173
      0.000000000      -0.192715854      -1.442282500
      0.000000000       0.024829678       1.021806768
DISP 1
    1      -0.000025775543
    2      -0.000025052021
    3      -0.000046091150
    0