# SPECTRO ##########################################
    1    0    2    1    0    0    0    4    0    0   00    0    0    0    0
    0    0    0    0    0    1    0    0    0    0    0    0    0    0    0
# GEOM #######################################
   3   1 
1.00         0.0000000000        1.8284340594       -2.0729188776
6.00         0.0000000000       -0.1927202572       -1.4422885037
9.00         0.0000000000        0.0248678859        1.0217494763
# WEIGHT ###### 
    3    
    1   35.967545106 
    2   15.9949146
    3    1.007825
# CURVIL ##########################################
    1    2      
    2    3      
    2    1    3
