# INTDER ##########################
    5    9    0    0    0    3    0    0    0    1    0    0    0    1    1    0
STRE     1    2
STRE     2    3
STRE     3    4
STRE     3    5
BEND     1    2    3
BEND     2    3    4
BEND     2    3    5
TORS     1    2    3    4
TORS     1    2    3    5
      0.000000000        1.593244615       -2.002560209
      0.000000000       -0.159834885       -1.205569381
      0.000000000        0.032752513        1.193685545
      0.000000000       -1.630599231        2.406010483
      0.000000000        1.868186654        2.125164099
DISP 1
    1       0.0009403554
    2      -0.0001568843
    3      -0.0020148613
    4       0.0022727755
    5       0.0049953524
    6      -0.0497372515
    7       0.0489826998
    8       0.0000000000
    9       0.0000000000
    0
