# SPECTRO ##########################################
    1    1    4    3    0    0    2    4    0    0   00    0    0    0    0
    1    4    4    0    0    1    0    0    0    0    0    1    0    0    0
# GEOM #######################################
   5   1 
 1.00      0.0000000000        1.5621664719       -2.0350621691
 7.00      0.0000000000       -0.1725527249       -1.1947772647
 6.00      0.0000000000        0.0665030408        1.1999960758
 1.00      0.0000000000       -1.6297168442        2.3591550441
 1.00      0.0000000000        1.8773497224        2.1874188510
# WEIGHT ###### 
    5    
    1    1.007825 
    2   14.0030740
    3   12.011 
    4    1.007825 
    5    1.007825 
# CURVIL ##########################################
    1    2      
    2    3      
    3    4      
    3    5      
    2    1    3
    3    2    4
    3    2    5
    4    3    2    1
    5    3    2    1

# CORIOL #####
    4
    0
    6    5    0    0    1
    0
    9    7    1    0    0
    0
    9    7    0    1    0
    0
    9    8    1    0    0
# FERMI1 ####
    4
    4    1
    4    2
    5    2
    5    3
# FERMI2 ####
    5
    5    4    2
    5    4    3
    6    4    2
    6    4    3
    6    5    3
# RESIN ####
    1
    8
    1    0    0    0    0    0    0    0    0
    0    1    0    0    0    0    0    0    0
    0    0    1    0    0    0    0    0    0
    0    0    0    0    2    0    0    0    0
    0    0    0    1    1    0    0    0    0
    0    0    0    1    0    1    0    0    0
    0    0    0    0    1    1    0    0    0
    0    0    0    2    0    0    0    0    0
# DARLING ####
    5
    3    2
    6    5
    8    7
    9    7
    9    8
