    3   18
        0.0000000000        0.0000000000        0.0000000000
        0.0000000000        0.0000000000        0.0000000000
        0.0000000000        0.0000000000        0.0000000000
        0.0000000000        0.2549282025       -0.0631485201
        0.0000000000       -0.2690857703        0.0550955950
        0.0000000000        0.0141575678        0.0080529251
        0.0000000000       -0.0631485201        0.0892442598
        0.0000000000        0.0103157104       -0.0415808332
        0.0000000000        0.0528328097       -0.0476634266
        0.0000000000        0.0000000000        0.0000000000
        0.0000000000        0.0000000000        0.0000000000
        0.0000000000        0.0000000000        0.0000000000
        0.0000000000       -0.2690857703        0.0103157104
        0.0000000000        0.3303378293       -0.0007408208
        0.0000000000       -0.0612520590       -0.0095748896
        0.0000000000        0.0550955950       -0.0415808332
        0.0000000000       -0.0007408208        0.4305537896
        0.0000000000       -0.0543547742       -0.3889729564
        0.0000000000        0.0000000000        0.0000000000
        0.0000000000        0.0000000000        0.0000000000
        0.0000000000        0.0000000000        0.0000000000
        0.0000000000        0.0141575678        0.0528328097
        0.0000000000       -0.0612520590       -0.0543547742
        0.0000000000        0.0470944912        0.0015219645
        0.0000000000        0.0080529251       -0.0476634266
        0.0000000000       -0.0095748896       -0.3889729564
        0.0000000000        0.0015219645        0.4366363830
