# INTDER ##########################
    3    3    0    4    0    3    2    0    0    1    3    0    0    0    0    0
STRE     1    2
STRE     2    3
BEND     1    2    3
        0.0000000000        1.8284340594       -2.0729188776
        0.0000000000       -0.1927202572       -1.4422885037
        0.0000000000        0.0248678859        1.0217494763
       H1            C12         F19
    1    1    0    0      4.299205221495
    2    1    0    0      0.336349593939
    2    2    0    0      6.755192450794
    3    1    0    0      0.084326950243
    3    2    0    0      0.665068414763
    3    3    0    0      1.329608962534
    0
    1    1    1    0    -26.351512815938
    2    1    1    0      0.601163892012
    2    2    1    0     -2.333818947364
    2    2    2    0    -44.624987759320
    3    1    1    0     -0.035378035963
    3    2    1    0     -0.767765651072
    3    2    2    0     -1.572758562739
    3    3    1    0     -0.332370413443
    3    3    2    0     -1.966355515149
    3    3    3    0     -1.578601433919
    0
    1    1    1    1    136.540363114968
    2    1    1    1     -2.433141002456
    2    2    1    1     -0.817491338800
    2    2    2    1     10.383334354148
    2    2    2    2    264.723880494290
    3    1    1    1     -1.037693741221
    3    2    1    1     -0.428303557747
    3    2    2    1      2.480951359631
    3    2    2    2      0.189010296138
    3    3    1    1     -1.463074271559
    3    3    2    1      1.389379615373
    3    3    2    2      3.049997431680
    3    3    3    1      0.652445387329
    3    3    3    2      3.872180870301
    3    3    3    3      2.442636134150
    0
