!INPUT
TITLE
 H2O 2A1 F12-TZ
INDEPENDENT VARIABLES
   3
DATA POINTS
  69   -2
(3F12.8,f20.12)
 -0.00500000 -0.00500000 -0.01000000       0.000094859857
 -0.00500000 -0.00500000  0.00000000       0.000021555961
 -0.00500000 -0.00500000  0.01000000       0.000094859857
 -0.00500000 -0.01000000  0.00000000       0.000029614182
 -0.00500000 -0.01500000  0.00000000       0.000041589339
 -0.00500000  0.00000000 -0.01000000       0.000090730888
 -0.00500000  0.00000000  0.00000000       0.000017397652
 -0.00500000  0.00000000  0.01000000       0.000090730887
 -0.00500000  0.00500000 -0.01000000       0.000090484521
 -0.00500000  0.00500000  0.00000000       0.000017122151
 -0.00500000  0.00500000  0.01000000       0.000090484521
 -0.00500000  0.01000000  0.00000000       0.000020712274
 -0.00500000  0.01500000  0.00000000       0.000028150756
 -0.01000000 -0.00500000  0.00000000       0.000077218080
 -0.01000000 -0.01000000  0.00000000       0.000087551726
 -0.01000000  0.00000000 -0.01000000       0.000145854269
 -0.01000000  0.00000000  0.00000000       0.000070791860
 -0.01000000  0.00000000  0.01000000       0.000145854269
 -0.01000000  0.00500000  0.00000000       0.000068255836
 -0.01000000  0.01000000  0.00000000       0.000069592704
 -0.01500000 -0.00500000  0.00000000       0.000169762783
 -0.01500000  0.00000000  0.00000000       0.000161053211
 -0.01500000  0.00500000  0.00000000       0.000156241248
 -0.02000000  0.00000000  0.00000000       0.000289069821
  0.00000000 -0.00500000 -0.01000000       0.000073515685
  0.00000000 -0.00500000  0.00000000       0.000001906037
  0.00000000 -0.00500000  0.01000000       0.000073515685
  0.00000000 -0.01000000 -0.01000000       0.000079284948
  0.00000000 -0.01000000  0.00000000       0.000007704494
  0.00000000 -0.01000000  0.01000000       0.000079284948
  0.00000000 -0.01500000  0.00000000       0.000017412271
  0.00000000 -0.02000000  0.00000000       0.000031046194
  0.00000000  0.00000000 -0.01000000       0.000071638632
  0.00000000  0.00000000 -0.02000000       0.000286691661
  0.00000000  0.00000000  0.00000000       0.000000000000
  0.00000000  0.00000000  0.01000000       0.000071638632
  0.00000000  0.00000000  0.02000000       0.000286691662
  0.00000000  0.00500000 -0.01000000       0.000073636811
  0.00000000  0.00500000  0.00000000       0.000001969402
  0.00000000  0.00500000  0.01000000       0.000073636811
  0.00000000  0.01000000 -0.01000000       0.000079493163
  0.00000000  0.01000000  0.00000000       0.000007797181
  0.00000000  0.01000000  0.01000000       0.000079493163
  0.00000000  0.01500000  0.00000000       0.000017466197
  0.00000000  0.02000000  0.00000000       0.000030959227
  0.00500000 -0.00500000 -0.01000000       0.000087364357
  0.00500000 -0.00500000  0.00000000       0.000017415101
  0.00500000 -0.00500000  0.01000000       0.000087364357
  0.00500000 -0.01000000  0.00000000       0.000020969651
  0.00500000 -0.01500000  0.00000000       0.000028425925
  0.00500000  0.00000000 -0.01000000       0.000087723380
  0.00500000  0.00000000  0.00000000       0.000017745496
  0.00500000  0.00000000  0.01000000       0.000087723380
  0.00500000  0.00500000 -0.01000000       0.000091950283
  0.00500000  0.00500000  0.00000000       0.000021943979
  0.00500000  0.00500000  0.01000000       0.000091950283
  0.00500000  0.01000000  0.00000000       0.000029993613
  0.00500000  0.01500000  0.00000000       0.000041877382
  0.01000000 -0.00500000  0.00000000       0.000067246776
  0.01000000 -0.01000000  0.00000000       0.000068573474
  0.01000000  0.00000000 -0.01000000       0.000138147858
  0.01000000  0.00000000  0.00000000       0.000069797565
  0.01000000  0.00000000  0.01000000       0.000138147858
  0.01000000  0.00500000  0.00000000       0.000076209109
  0.01000000  0.01000000  0.00000000       0.000086464596
  0.01500000 -0.00500000  0.00000000       0.000150581177
  0.01500000  0.00000000  0.00000000       0.000155336126
  0.01500000  0.00500000  0.00000000       0.000163944516
  0.02000000  0.00000000  0.00000000       0.000273557269
UNKNOWNS
  22
FUNCTION
   0    1    0    2    1    0    0    3    2    1    0    1    0    4    3    2
   1    0    2    1    0    0
   0    0    1    0    1    2    0    0    1    2    3    0    1    0    1    2
   3    4    0    1    2    0
   0    0    0    0    0    0    2    0    0    0    0    2    2    0    0    0
   0    0    2    2    2    4
STATIONARY POINT
     -0.000043564518     -0.000019335391      0.000000000000     -0.000000001439
END OF DATA
!FIT
!END
