    3  165
        0.0000000000        0.1601485816        0.0000000000
       -0.5339321079        0.1242895059        0.0000000000
       -0.6203978224        0.0000000000       -0.4454716266
       -0.1612422923        0.0000000000       -0.1394988173
        0.0000000000       -0.1353268478        0.0000000000
        0.0000000000        0.0000000000        0.1187010160
        0.1405168294        0.0000000000       -0.1602966185
        0.0000000000        0.4909290952        0.0000000000
        0.6327925109        0.4737881915        0.1602966185
        0.0000000000        0.0000000000        0.0000000000
        0.0000000000       -0.4909290952       -0.6405197346
        0.0000000000        0.0000000000       -0.1184421456
        0.0000000000        0.6157303578        0.0000000000
        0.4481436268        0.1643438022        0.1405168294
        0.0000000000        0.0000000000       -0.2810336588
        0.0000000000       -0.6405197346       -0.4737881915
        0.0000000000        1.2810394693        0.0000000000
       -0.4224990621       -0.1705468219        0.0000000000
        0.0000000000        0.3410936439        0.0000000000
       -0.0206497644        0.0000000000        0.0110373419
        0.0000000000        0.0000000000        0.0000000000
        0.0207978012       -0.0051899816        0.0000000000
        0.0000000000        0.0000000000        0.0000000000
       -0.1602966185        0.0000000000       -0.0220746838
        0.0000000000        0.0000000000        0.1405168294
        0.0000000000        0.0000000000        0.0000000000
       -0.0001480369       -0.0058473603        0.0000000000
        0.1602966185       -0.1184421456        0.0000000000
        0.0001480369        0.0000000000        0.0430030127
        0.0000000000       -0.0123946884       -0.0283165650
       -0.0207978012        0.0000000000        0.0000000000
       -0.1187010160        0.0000000000        0.0000000000
        0.0077272238        0.0000000000        0.4909290952
        0.0000000000        0.0247893769        0.0256445647
        0.0000000000       -0.6405197346        0.4224990621
        0.0206497644        0.0000000000        0.0000000000
        0.1394988173        0.0000000000        0.0000000000
       -0.1601485816        0.0000000000       -0.0430030127
        0.0046674647        0.0000000000       -0.4909290952
        0.6157303578        0.0000000000        0.5339321079
       -0.0058473603        0.0000000000        0.0046674647
        0.0000000000       -0.0026720003       -0.0031015099
       -0.0051899816        0.0000000000        0.0000000000
        0.1405168294        0.0000000000        0.0077272238
       -0.0000000000        0.0000000000       -0.6405197346
        0.0000000000       -0.0256445647        0.0062030198
        0.0000000000        0.4737881915       -0.1705468219
        0.0110373419        0.0000000000        0.0000000000
       -0.1353268478        0.0000000000        0.0000000000
        0.1242895059        0.0000000000       -0.0123946884
        0.0026720003        0.0000000000        0.6327925109
       -0.4481436268        0.0000000000       -0.6203978224
        0.0000000000        0.0283165650       -0.0031015099
        0.0000000000       -0.4737881915        0.1643438022
        0.0000000000        0.4454716266       -0.1612422923
