    3  495
        0.3114329756        0.0000000000       -0.5363522401
        0.0000000000        0.3332687496        0.0000000000
       -0.4940168050        0.0000000000        1.4737808336
       -0.3149268821        0.0000000000        1.4443401077
        0.0000000000        0.5086511682       -0.4949343794
       -0.3044192586        0.0000000000        0.5065084237
        0.0000000000        0.0000000000        0.4944436068
        0.0000000000        0.3345884451        0.0000000000
        0.0000000000        0.3176676546        0.0000000000
       -0.5026977878        0.0000000000       -0.4797661070
       -0.3551429244       -0.3441644467        0.0000000000
        0.0000000000        0.6883288934        0.0000000000
        0.5203659580        0.0000000000       -0.2944533046
        0.5134019661        0.0000000000       -1.4779509996
        0.0000000000       -1.4913982051       -0.4976271767
        0.0000000000       -0.5166277598        0.0000000000
       -0.5176828254        0.0000000000        0.0000000000
        0.0000000000        0.5229364601        0.5176828254
        0.0000000000       -0.5304128564        0.0000000000
        0.2787277260        0.0000000000        1.4785212903
        1.5104268978        0.5229364601        0.0000000000
        0.0000000000       -1.0458729202        0.0000000000
       -0.2472765688       -1.4743900184        0.0000000000
        0.4945531376        0.0000000000        0.4831933627
        0.0000000000       -1.4748825208        0.3191970945
        0.0000000000       -1.4521727984        0.0000000000
       -0.5220544369        0.5080716005        0.0000000000
       -0.4797661070        0.0000000000       -0.3413578277
        0.0000000000        0.0000000000        0.0000000000
        0.4418493885        0.3686816897        0.0000000000
       -0.5176828254        0.0000000000        1.4826525621
        0.0000000000        1.4967832676        0.4989330486
        0.5176828254        0.0000000000        0.0000000000
        0.0000000000        0.0000000000       -1.4826525621
       -1.5211970229        0.0000000000        0.0000000000
       -0.3243602231        0.0000000000        1.4319760844
        0.0000000000        0.5475551023       -0.5130954844
        0.3686816897        0.0000000000        0.0000000000
       -0.7373633794        0.0000000000       -1.5211970229
       -0.4989330486        0.0000000000        3.0423940459
        0.0000000000       -0.5961771560        0.5231432522
        0.0000000000        0.0000000000       -1.0462865044
       -0.0070137170        0.0000000000        0.0298438165
        0.0000000000        0.0000000000       -0.0004268018
        0.0000000000       -0.0196615630        0.0000000000
        0.0000000000       -0.0132483960        0.0000000000
       -0.0038106358        0.0000000000       -0.0146774999
        0.0205544793        0.0264967920        0.0000000000
        0.0000000000       -0.3441644467        0.0000000000
       -0.0037381982        0.0000000000        0.0042808594
        0.0000000000        0.0000000000        0.0000000000
       -0.0063087003        0.0000000000        0.0000000000
        0.0074763963        0.0000000000        0.0000000000
        0.5229364601        0.0000000000        0.0000000000
       -0.0034272558        0.0000000000        0.0221607333
        0.0000000000        0.0000000000        0.0000000000
        0.0379167184       -0.0273238620        0.0000000000
        0.0000000000        0.0000000000        0.0000000000
       -0.5176828254        0.0000000000       -0.0443214666
        0.0000000000        0.0000000000        0.3686816897
        0.0000000000        0.0000000000        0.0202621130
        0.0000000000       -0.0260331807        0.0000000000
        0.0151043017       -0.0008929163       -0.0132483960
        0.0000000000        0.0000000000        0.3176676546
        0.0000000000        0.0100468985       -0.0042808594
        0.0000000000       -0.5304128564        0.0000000000
       -0.0344894627        0.0051631287        0.0000000000
        0.5176828254       -0.3243602231       -0.0070137170
        0.0000000000        0.0000000000       -0.3044192586
        0.0000000000        0.0000000000        0.3114329756
        0.0000000000        0.0159862822        0.0000000000
       -0.0388154450       -0.0193851610        0.0000000000
        0.0041701660        0.0000000000        0.0470580974
       -0.0110239915        0.0000000000        0.0101193361
        0.0000000000        0.0232392186        0.0000000000
        0.0000000000        0.0000000000       -0.0202386723
       -0.0379167184        0.0000000000        0.0100468985
        0.0000000000        0.0157255786        0.0000000000
       -0.0005702907       -0.0190286927       -0.0063087003
        0.0000000000        0.0000000000        0.5229364601
        0.0000000000       -0.0314511572       -0.0041312718
        0.0000000000       -0.2472765688        0.0344894627
        0.0000000000       -0.0077700413        0.0000000000
       -0.0446104693        0.0231213882       -0.0379167184
        0.0000000000        0.0000000000       -0.4418493885
        0.0000000000       -0.0000000000        0.0244137553
        0.0000000000        1.4826525621        0.0000000000
        0.0892209385       -0.0486220537        0.0000000000
       -1.5211970229        0.5961771560        0.0000000000
       -0.0261056183        0.0000000000       -0.0038540576
        0.0000000000        0.0000000000        0.0000000000
        0.0101193361        0.0146774999        0.0000000000
       -0.0037381982        0.0000000000        0.0000000000
       -0.5166277598        0.0000000000        0.0034272558
        0.0000000000        0.0000000000        0.4797661070
        0.0000000000        0.0000000000        0.0000000000
        0.0159862822       -0.0108234423        0.0000000000
        0.5203659580       -0.4831933627        0.0000000000
       -0.0260331807        0.0000000000        0.0230898665
        0.0000000000       -0.0035998753       -0.0280294047
       -0.0038106358        0.0000000000        0.0000000000
       -0.5026977878        0.0000000000        0.0157255786
        0.0047015625        0.0000000000        0.2787277260
        0.0000000000        0.0077700413        0.0201967140
        0.0000000000       -1.4826525621        1.4319760844
        0.0298438165        0.0000000000        0.0000000000
        0.5065084237        0.0000000000        0.0000000000
       -0.5363522401        0.0000000000       -0.0388154450
       -0.0011016872        0.0000000000       -0.2944533046
        1.4748825208        0.0000000000        0.3332687496
        0.0000000000        0.0108234423        0.0000000000
        0.0011016872       -0.0042702124        0.0000000000
        0.0078326907        0.0000000000        0.0134032687
       -0.0131372211        0.0000000000       -0.0146774999
        0.0000000000        0.0067693827        0.0000000000
        0.0000000000        0.0000000000        0.0379167184
       -0.0135387653        0.0000000000        0.0042808594
        0.0000000000       -0.0047015625        0.0000000000
       -0.0053850626       -0.0013058720        0.0000000000
        0.0000000000        0.0000000000       -0.5176828254
        0.0000000000        0.0041312718        0.0107701252
        0.0000000000        1.4743900184        0.0051631287
        0.0000000000        0.0201967140        0.0000000000
       -0.0255006654        0.0050238839       -0.0273238620
        0.0000000000        0.0000000000        0.3686816897
        0.0000000000        0.0244137553       -0.0000000000
        0.0000000000       -1.5211970229        0.0000000000
        0.0486220537       -0.0100477678        0.0000000000
        0.4989330486        0.5231432522        0.0000000000
        0.0038540576        0.0000000000       -0.0024991703
        0.0000000000        0.0000000000        0.0000000000
       -0.0232392186        0.0067693827        0.0000000000
       -0.0042808594        0.0000000000        0.0000000000
        0.5176828254        0.0000000000        0.0221607333
        0.0000000000        0.0000000000       -0.3413578277
        0.0000000000        0.0000000000        0.0000000000
        0.0193851610       -0.0042702124        0.0000000000
       -0.5134019661        0.3191970945        0.0000000000
       -0.0151043017        0.0000000000        0.0035998753
        0.0000000000       -0.0024476281       -0.0120973967
        0.0146774999        0.0000000000        0.0000000000
        0.4797661070        0.0000000000        0.0005702907
       -0.0053850626        0.0000000000       -1.4785212903
        0.0000000000       -0.0446104693        0.0255006654
        0.0000000000        1.4967832676       -0.5475551023
        0.0004268018        0.0000000000        0.0000000000
       -0.4944436068        0.0000000000        0.0000000000
        0.4940168050        0.0000000000       -0.0041701660
        0.0078326907        0.0000000000        1.4779509996
       -1.4521727984        0.0000000000       -1.4737808336
       -0.0008929163        0.0000000000       -0.0280294047
        0.0000000000        0.0120973967        0.0081133372
        0.0205544793        0.0000000000        0.0000000000
       -0.3551429244        0.0000000000       -0.0190286927
        0.0013058720        0.0000000000        1.5104268978
        0.0000000000       -0.0231213882        0.0050238839
        0.0000000000       -0.4989330486       -0.5130954844
       -0.0196615630        0.0000000000        0.0000000000
        0.3345884451        0.0000000000        0.0000000000
       -0.3149268821        0.0000000000        0.0470580974
       -0.0134032687        0.0000000000       -1.4913982051
        0.5220544369        0.0000000000        1.4443401077
        0.0000000000        0.0110239915       -0.0131372211
        0.0000000000        0.4976271767        0.5080716005
        0.0000000000       -0.5086511682       -0.4949343794
