 PRINCIPAL MOMENTS OF INERTIA IN ATOMIC UNITS
     4818.7856678810     8363.5407873644    13182.3264552454
 NORMAL COORD QUADRATICS IN ATOMIC UNITS
    1    1    0.1186761442D-03
    2    2    0.1128691736D-03
    3    3    0.2337203131D-04

 FIRST DERIVATIVE OF THE L TENSOR :
 ROWS ARE INT COORDS AND COLUMNS ARE NORMAL COORDS

              1           2           3
   ------------------------------------------
    1    0.73427582 -0.72094606 -0.06873432
    2   -0.73427582 -0.72094606 -0.06873432
    3    0.00000000 -0.04182329  1.42744000

 SECOND DERIVATIVE OF THE L TENSOR 

              1           2           3           4           5           6
   ------------------------------------------------------------------------------
    1    0.00220240 -0.00099520  0.00044970  0.03396631 -0.01534833  0.52384254
    2    0.00220240  0.00099520  0.00044970 -0.03396631 -0.01534833  0.52384254
    3   -0.13217512  0.00000000 -0.05864162  0.00000000  0.99793155  0.19081674

 THIRD DERIVATIVE OF THE L TENSOR 

              1           2           3           4           5           6           7           8           9          10
   ------------------------------------------------------------------------------------------------------------------------------
    1   -0.00471771  0.00296522 -0.00171649  0.00094580 -0.04835848  0.03470516 -0.02149027 -0.36949681  0.36519548  0.10503901
    2    0.00471771  0.00296522  0.00171649  0.00094580 -0.04835848 -0.03470516 -0.02149027  0.36949681  0.36519548  0.10503901
    3    0.00000000 -0.22779316  0.00000000 -0.12329803  1.43173052  0.00000000  1.39406005  0.00000000  0.30978511 -1.41600325
 ZETA MATRIX AXIS=    1
 NO. OF CONSTANTS    0
 ZETA MATRIX AXIS=    2
 NO. OF CONSTANTS    0
 ZETA MATRIX AXIS=    3
    2    1    0.2928694180D-01
    3    1   -0.9995710455D+00
 NO. OF CONSTANTS    2
 NORMAL COORDINATE CUBICS IN ATOMIC UNITS 
    1    1    1   -0.2856789978D-19
    2    1    1    0.7025393045D-05
    2    2    1    0.2494950074D-19
    2    2    2    0.2284613451D-05
    3    1    1    0.9484987504D-06
    3    2    1    0.1066014524D-20
    3    2    2    0.3271223039D-06
    3    3    1    0.1898719629D-20
    3    3    2   -0.4719114164D-06
    3    3    3   -0.8173214740D-07
 NORMAL COORD QUARTICS IN ATOMIC UNITS 
    1    1    1    1    0.3109846732D-07
    2    1    1    1   -0.9850260935D-21
    2    2    1    1    0.1788167387D-06
    2    2    2    1    0.8886168936D-21
    2    2    2    2    0.2863329916D-07
    3    1    1    1   -0.2508046069D-21
    3    2    1    1    0.5116803673D-07
    3    2    2    1    0.1061880686D-21
    3    2    2    2    0.1159850290D-07
    3    3    1    1   -0.3593272267D-07
    3    3    2    1   -0.1073347725D-22
    3    3    2    2   -0.2985546624D-07
    3    3    3    1    0.5137769513D-22
    3    3    3    2   -0.7802384912D-08
    3    3    3    3   -0.5013926423D-09
  INT CORD QUADRATIC FORCE CONSTANTS 
    1    1        6.1884189223
    2    1       -0.0585695161
    2    2        6.1884189223
    3    1        0.2763328843
    3    2        0.2763328843
    3    3        0.6758815495
    6
  INT CORD CUBIC FORCE CONSTANTS 
    1    1    1      -41.4685144677
    2    1    1       -0.0771919513
    2    2    1       -0.0771919513
    2    2    2      -41.4685144677
    3    1    1       -0.0241546987
    3    2    1       -0.5279012356
    3    2    2       -0.0241546987
    3    3    1       -0.1821881370
    3    3    2       -0.1821881370
    3    3    3       -0.5937052225
   10
  INT CORD QUARTIC FORCE CONSTANTS 
    1    1    1    1      236.4172223680
    2    1    1    1       -0.5312103288
    2    2    1    1        0.2084792980
    2    2    2    1       -0.5312103288
    2    2    2    2      236.4172223680
    3    1    1    1       -1.8099435955
    3    2    1    1       -0.0520778466
    3    2    2    1       -0.0520778466
    3    2    2    2       -1.8099435955
    3    3    1    1       -0.2923728085
    3    3    2    1        0.4267542761
    3    3    2    2       -0.2923728085
    3    3    3    1        0.6096476905
    3    3    3    2        0.6096476905
    3    3    3    3       -0.5557262645
   15
