          22
    0    0    0    0      0.000000000004
    1    0    0    0      0.000000067041
    2    0    0    0      0.000000007348
    1    1    0    0      6.129753001907
    2    1    0    0      0.390787706042
    2    2    0    0      0.675871401858
    3    3    0    0      6.246890191347
    1    1    1    0    -29.485942375000
    2    1    1    0     -0.552047253850
    2    2    1    0     -0.257648975879
    2    2    2    0     -0.593696309319
    3    3    1    0    -29.267614078217
    3    3    2    0      0.503738614498
    1    1    1    1    117.456978289337
    2    1    1    1     -1.390274826575
    2    2    1    1      0.134379351519
    2    2    2    1      0.862158782334
    2    2    2    2     -0.555717919642
    3    3    1    1    118.102429730333
    3    3    2    1     -1.242978797899
    3    3    2    2     -0.719115774000
    3    3    3    3    119.581784661530
