   6.18841892229440     
 -5.856951609642697E-002
   6.18841892229441     
  0.276332884305428     
  0.276332884305427     
  0.675881549522874     
  -41.4685144677264     
 -7.719195125208969E-002
 -7.719195125208125E-002
  -41.4685144677264     
 -2.415469865103270E-002
 -0.527901235646164     
 -2.415469865103257E-002
 -0.182188137049956     
 -0.182188137049956     
 -0.593705222531750     
   236.417222367990     
 -0.531210328765518     
  0.208479297953096     
 -0.531210328765496     
   236.417222367990     
  -1.80994359550268     
 -5.207784655472186E-002
 -5.207784655471703E-002
  -1.80994359550267     
 -0.292372808474537     
  0.426754276098506     
 -0.292372808474537     
  0.609647690506113     
  0.609647690506113     
 -0.555726264503799     
