    3   18
        0.0000000000        0.0000000000        0.0000000000
        0.0000000000        0.0000000000        0.0000000000
        0.0000000000        0.0000000000        0.0000000000
        0.0000000000        0.2727734281        0.1708653961
        0.0000000000       -0.2418421357       -0.1453911691
        0.0000000000       -0.0309312923       -0.0254742271
        0.0000000000        0.1708653961        0.1657553513
        0.0000000000       -0.1963396232       -0.1721123103
        0.0000000000        0.0254742271        0.0063569590
        0.0000000000        0.0000000000        0.0000000000
        0.0000000000        0.0000000000        0.0000000000
        0.0000000000        0.0000000000        0.0000000000
        0.0000000000       -0.2418421357       -0.1963396232
        0.0000000000        0.4836842715        0.0000000000
        0.0000000000       -0.2418421357        0.1963396232
        0.0000000000       -0.1453911691       -0.1721123103
        0.0000000000        0.0000000000        0.3442246206
        0.0000000000        0.1453911691       -0.1721123103
        0.0000000000        0.0000000000        0.0000000000
        0.0000000000        0.0000000000        0.0000000000
        0.0000000000        0.0000000000        0.0000000000
        0.0000000000       -0.0309312923        0.0254742271
        0.0000000000       -0.2418421357        0.1453911691
        0.0000000000        0.2727734281       -0.1708653961
        0.0000000000       -0.0254742271        0.0063569590
        0.0000000000        0.1963396232       -0.1721123103
        0.0000000000       -0.1708653961        0.1657553513
