# INTDER ##########################
    3    3    3    4    0    3    2    0    0    1    3    0    0    0    0    0
STRE     1    2
STRE     2    3
BEND     1    2    3
    1   1   1.000000000   2   1.000000000
    2   3   1.000000000
    3   1   1.000000000   2  -1.000000000
    0
        0.0000000000        1.5087163910        1.0707592122
        0.0000000000        0.0000000000       -0.1540927220
        0.0000000000       -1.5087163910        1.0707592122
         H1          N14          H1
    1    1    0    0      6.129753001907
    2    1    0    0      0.390787706042
    2    2    0    0      0.675871401858
    3    3    0    0      6.246890191347
    0
    1    1    1    0    -29.485942375000
    2    1    1    0     -0.552047253850
    2    2    1    0     -0.257648975879
    2    2    2    0     -0.593696309319
    3    3    1    0    -29.267614078217
    3    3    2    0      0.503738614498
    0
    1    1    1    1    117.456978289337
    2    1    1    1     -1.390274826575
    2    2    1    1      0.134379351519
    2    2    2    1      0.862158782334
    2    2    2    2     -0.555717919642
    3    3    1    1    118.102429730333
    3    3    2    1     -1.242978797899
    3    3    2    2     -0.719115774000
    3    3    3    3    119.581784661530
    0
