# INTDER ##########################
    3    3    3    0    0    3    0    0    0    1    0    0    0    1    1    0
STRE     1    2
STRE     2    3
BEND     1    2    3
    1   1   1.000000000   2   1.000000000
    2   3   1.000000000
    3   1   1.000000000   2  -1.000000000
    0
      0.000000000000     1.508773426707     1.070766580342
      0.000000000000     0.000000000000    -0.154107458238
      0.000000000000    -1.508773426707     1.070766580342
DISP   1
    1      -0.0000435645
    2      -0.0000193354
    3       0.0000000000
    0
