 0.000094859857
 0.000021555961
 0.000094859857
 0.000029614182
 0.000041589339
 0.000090730888
 0.000017397652
 0.000090730887
 0.000090484521
 0.000017122151
 0.000090484521
 0.000020712274
 0.000028150756
 0.000077218080
 0.000087551726
 0.000145854269
 0.000070791860
 0.000145854269
 0.000068255836
 0.000069592704
 0.000169762783
 0.000161053211
 0.000156241248
 0.000289069821
 0.000073515685
 0.000001906037
 0.000073515685
 0.000079284948
 0.000007704494
 0.000079284948
 0.000017412271
 0.000031046194
 0.000071638632
 0.000286691661
 0.000000000000
 0.000071638632
 0.000286691662
 0.000073636811
 0.000001969402
 0.000073636811
 0.000079493163
 0.000007797181
 0.000079493163
 0.000017466197
 0.000030959227
 0.000087364357
 0.000017415101
 0.000087364357
 0.000020969651
 0.000028425925
 0.000087723380
 0.000017745496
 0.000087723380
 0.000091950283
 0.000021943979
 0.000091950283
 0.000029993613
 0.000041877382
 0.000067246776
 0.000068573474
 0.000138147858
 0.000069797565
 0.000138147858
 0.000076209109
 0.000086464596
 0.000150581177
 0.000155336126
 0.000163944516
 0.000273557269
