# SPECTRO ##########################################
    1    1    2    1    0    0    0    4    0    0   00    0    0    0    0
    0    0    0    0    0    1    0    0    0    0    0    1    0    0    0
# GEOM #######################################
   3   1
1.00	        0.0000000000        1.5087163910        1.0707592122
7.00	        0.0000000000        0.0000000000       -0.1540927220
1.00	        0.0000000000       -1.5087163910        1.0707592122
# WEIGHT ######
    3
    1    1.972070
    2   16.003074
    3    1.972070
# CURVIL ##########################################
    1    2
    2    3
    2    1    3
# DARLING ####
    1
    2    1
